 ----------------   CP     1,     Type (3,-3)   ----------------
 Corresponding nucleus:    15(H )
 Position (Bohr):       -2.885270047674   -3.809811593992    0.105797155988
 Position (Angstrom):   -1.526819156530   -2.016065473374    0.055985443927
 Density of all electrons:  0.3836905106E+00
 Density of Alpha electrons:  0.1939100657E+00
 Density of Beta electrons:  0.1897804448E+00
 Spin density of electrons:  0.4129620919E-02
 Lagrangian kinetic energy G(r):  0.7046767867E-02
 G(r) in X,Y,Z:  0.2955000885E-02  0.1997329117E-02  0.2094437865E-02
 Hamiltonian kinetic energy K(r):  0.3115864634E+01
 Potential energy density V(r): -0.3122911402E+01
 Energy density E(r) or H(r): -0.3115864634E+01
 Laplacian of electron density: -0.1243527146E+02
 Electron localization function (ELF):  0.9998529256E+00
 Localized orbital locator (LOL):  0.9880317887E+00
 Local information entropy:  0.2437820664E-01
 Reduced density gradient (RDG):  0.1000000000E+03
 Reduced density gradient with promolecular approximation:  0.1000000000E+03
 Sign(lambda2)*rho: -0.3836905106E+00
 Sign(lambda2)*rho with promolecular approximation: -0.2834826345E+00
 Corr. hole for alpha, ref.:   0.00000   0.00000   0.00000 : -0.4467123952E-03
 Source function, ref.:   0.00000   0.00000   0.00000 :  0.2070123311E+00
 Wavefunction value for orbital         1 : -0.4355671093E-04
 Average local ionization energy (ALIE):  0.5527507319E+00
 Delta-g (under promolecular approximation):  0.1114435137E+00
 Delta-g (under Hirshfeld partition):  0.2209817081E+00
 User-defined real space function:  0.1000000000E+01
 ESP from nuclear charges:  0.3213960419E+02
 ESP from electrons: -0.1530006844E+02
 Total ESP:  0.1683953575E+02 a.u. ( 0.4582271E+03 eV, 0.1056698E+05 kcal/mol)
 
 Note: Below information are for electron density
 
 Components of gradient in x/y/z are:
 -0.6722053469E-15 -0.4909267437E-15 -0.6071532166E-16
 Norm of gradient is:  0.8345989734E-15
 
 Components of Laplacian in x/y/z are:
 -0.4332313468E+01 -0.3857091662E+01 -0.4245866334E+01
 Total: -0.1243527146E+02
 
 Hessian matrix:
 -0.4332313468E+01 -0.4962565244E-01  0.2100954100E-01
 -0.4962565244E-01 -0.3857091662E+01 -0.2190754473E+00
  0.2100954100E-01 -0.2190754473E+00 -0.4245866334E+01
 Eigenvalues of Hessian: -0.4344555547E+01 -0.4337135605E+01 -0.3753580312E+01
 Eigenvectors(columns) of Hessian:
  0.1607957805E+00 -0.9826253552E+00 -0.9269373409E-01
  0.4181623522E+00 -0.1724614815E-01  0.9082085760E+00
  0.8940273845E+00  0.1847971367E+00 -0.4081238220E+00
 Determinant of Hessian: -0.7072843812E+02
 Ellipticity of electron density:    0.001711
 eta index:   -1.157443
 
 ----------------   CP     2,     Type (3,-3)   ----------------
 Corresponding nucleus:     3(C )
 Position (Bohr):       -3.100472820963   -1.961909195667   -0.715069484950
 Position (Angstrom):   -1.640699559878   -1.038197636208   -0.378398475648
 Density of all electrons:  0.1121330214E+03
 Density of Alpha electrons:  0.5606396621E+02
 Density of Beta electrons:  0.5606905516E+02
 Spin density of electrons: -0.5088943454E-02
 Lagrangian kinetic energy G(r):  0.5628718839E+01
 G(r) in X,Y,Z:  0.1959798856E+01  0.1860308747E+01  0.1808611236E+01
 Hamiltonian kinetic energy K(r):  0.6456423110E+05
 Potential energy density V(r): -0.6456985982E+05
 Energy density E(r) or H(r): -0.6456423110E+05
 Laplacian of electron density: -0.2582344095E+06
 Electron localization function (ELF):  0.9999994348E+00
 Localized orbital locator (LOL):  0.9992487369E+00
 Local information entropy: -0.3654673744E+00
 Reduced density gradient (RDG):  0.1000000000E+03
 Reduced density gradient with promolecular approximation:  0.1000000000E+03
 Sign(lambda2)*rho: -0.1121330214E+03
 Sign(lambda2)*rho with promolecular approximation: -0.1213860102E+03
 Corr. hole for alpha, ref.:   0.00000   0.00000   0.00000 : -0.2351901254E-01
 Source function, ref.:   0.00000   0.00000   0.00000 :  0.5497358698E+04
 Wavefunction value for orbital         1 : -0.3803334589E-03
 Average local ionization energy (ALIE):  0.9902405806E+01
 Delta-g (under promolecular approximation):  0.4209536350E-01
 Delta-g (under Hirshfeld partition):  0.5008025835E-01
 User-defined real space function:  0.1000000000E+01
 ESP from nuclear charges:  0.1112959471E+07
 ESP from electrons: -0.3008059760E+02
 Total ESP:  0.1112929391E+07 a.u. ( 0.3028435E+08 eV, 0.6983743E+09 kcal/mol)
 
 Note: Below information are for electron density
 
 Components of gradient in x/y/z are:
 -0.8110387362E-11 -0.1413659120E-11  0.4602167605E-11
 Norm of gradient is:  0.9431689241E-11
 
 Components of Laplacian in x/y/z are:
 -0.8607778078E+05 -0.8607823177E+05 -0.8607839696E+05
 Total: -0.2582344095E+06
 
 Hessian matrix:
 -0.8607778078E+05 -0.1132503339E+00  0.2441219524E+00
 -0.1132503339E+00 -0.8607823177E+05 -0.7918606032E+00
  0.2441219524E+00 -0.7918606032E+00 -0.8607839696E+05
 Eigenvalues of Hessian: -0.8607911909E+05 -0.8607792285E+05 -0.8607736757E+05
 Eigenvectors(columns) of Hessian:
  0.8091128520E-01  0.8505882280E+00  0.5195700438E+00
 -0.6578816124E+00  0.4371733848E+00 -0.6132464559E+00
 -0.7487624110E+00 -0.2921970192E+00  0.5949586153E+00
 Determinant of Hessian: -0.6377912683E+15
 Ellipticity of electron density:    0.000014
 eta index:   -1.000020
 
 ----------------   CP     3,     Type (3,-3)   ----------------
 Corresponding nucleus:    14(H )
 Position (Bohr):       -4.881845014575   -1.969260017115   -1.712307316225
 Position (Angstrom):   -2.583361128873   -1.042087523400   -0.906114009809
 Density of all electrons:  0.3875179434E+00
 Density of Alpha electrons:  0.1946292808E+00
 Density of Beta electrons:  0.1928886627E+00
 Spin density of electrons:  0.1740618120E-02
 Lagrangian kinetic energy G(r):  0.7463499900E-02
 G(r) in X,Y,Z:  0.2504216904E-02  0.2498604590E-02  0.2460678406E-02
 Hamiltonian kinetic energy K(r):  0.3162004282E+01
 Potential energy density V(r): -0.3169467782E+01
 Energy density E(r) or H(r): -0.3162004282E+01
 Laplacian of electron density: -0.1261816313E+02
 Electron localization function (ELF):  0.9998403573E+00
 Localized orbital locator (LOL):  0.9875375622E+00
 Local information entropy:  0.2457613441E-01
 Reduced density gradient (RDG):  0.1000000000E+03
 Reduced density gradient with promolecular approximation:  0.1000000000E+03
 Sign(lambda2)*rho: -0.3875179434E+00
 Sign(lambda2)*rho with promolecular approximation: -0.2840183242E+00
 Corr. hole for alpha, ref.:   0.00000   0.00000   0.00000 : -0.1987855594E-02
 Source function, ref.:   0.00000   0.00000   0.00000 :  0.1813948450E+00
 Wavefunction value for orbital         1 :  0.1028487862E-03
 Average local ionization energy (ALIE):  0.5489608841E+00
 Delta-g (under promolecular approximation):  0.1097427985E+00
 Delta-g (under Hirshfeld partition):  0.2174798527E+00
 User-defined real space function:  0.1000000000E+01
 ESP from nuclear charges:  0.3386327237E+02
 ESP from electrons: -0.1639894147E+02
 Total ESP:  0.1746433091E+02 a.u. ( 0.4752286E+03 eV, 0.1095904E+05 kcal/mol)
 
 Note: Below information are for electron density
 
 Components of gradient in x/y/z are:
  0.7736866703E-15 -0.4523291464E-15  0.2064320936E-15
 Norm of gradient is:  0.9196776227E-15
 
 Components of Laplacian in x/y/z are:
 -0.3955179416E+01 -0.4397164854E+01 -0.4265818859E+01
 Total: -0.1261816313E+02
 
 Hessian matrix:
 -0.3955179416E+01  0.9585124523E-02  0.2395215721E+00
  0.9585124523E-02 -0.4397164854E+01 -0.5600374842E-04
  0.2395215721E+00 -0.5600374842E-04 -0.4265818859E+01
 Eigenvalues of Hessian: -0.4401301767E+01 -0.4391958335E+01 -0.3824903028E+01
 Eigenvectors(columns) of Hessian:
  0.3226001022E+00 -0.3520743274E+00 -0.8786198507E+00
 -0.7551814889E+00 -0.6553515977E+00 -0.1466977158E-01
 -0.5706400730E+00  0.6682499169E+00 -0.4772965071E+00
 Determinant of Hessian: -0.7393665297E+02
 Ellipticity of electron density:    0.002127
 eta index:   -1.150696
 
 ----------------   CP     4,     Type (3,-3)   ----------------
 Corresponding nucleus:    16(H )
 Position (Bohr):       -1.223979994142   -2.843652749314   -4.264567267000
 Position (Angstrom):   -0.647702319501   -1.504796230659   -2.256711812059
 Density of all electrons:  0.3838396210E+00
 Density of Alpha electrons:  0.1918919602E+00
 Density of Beta electrons:  0.1919476607E+00
 Spin density of electrons: -0.5570049950E-04
 Lagrangian kinetic energy G(r):  0.6879924744E-02
 G(r) in X,Y,Z:  0.3091132965E-02  0.1547028532E-02  0.2241763247E-02
 Hamiltonian kinetic energy K(r):  0.3082905951E+01
 Potential energy density V(r): -0.3089785875E+01
 Energy density E(r) or H(r): -0.3082905951E+01
 Laplacian of electron density: -0.1230410410E+02
 Electron localization function (ELF):  0.9998599129E+00
 Localized orbital locator (LOL):  0.9883185779E+00
 Local information entropy:  0.2438592595E-01
 Reduced density gradient (RDG):  0.1000000000E+03
 Reduced density gradient with promolecular approximation:  0.1000000000E+03
 Sign(lambda2)*rho: -0.3838396210E+00
 Sign(lambda2)*rho with promolecular approximation: -0.2830326700E+00
 Corr. hole for alpha, ref.:   0.00000   0.00000   0.00000 : -0.7274383409E-02
 Source function, ref.:   0.00000   0.00000   0.00000 :  0.1857993550E+00
 Wavefunction value for orbital         1 : -0.9219665096E-04
 Average local ionization energy (ALIE):  0.5952919324E+00
 Delta-g (under promolecular approximation):  0.1143336960E+00
 Delta-g (under Hirshfeld partition):  0.2292369397E+00
 User-defined real space function:  0.1000000000E+01
 ESP from nuclear charges:  0.3234143960E+02
 ESP from electrons: -0.1615147120E+02
 Total ESP:  0.1618996840E+02 a.u. ( 0.4405514E+03 eV, 0.1015937E+05 kcal/mol)
 
 Note: Below information are for electron density
 
 Components of gradient in x/y/z are:
 -0.2450974536E-16 -0.6682768081E-15 -0.8326266109E-15
 Norm of gradient is:  0.1067924011E-14
 
 Components of Laplacian in x/y/z are:
 -0.4292438647E+01 -0.4084682769E+01 -0.3926982687E+01
 Total: -0.1230410410E+02
 
 Hessian matrix:
 -0.4292438647E+01  0.4447416169E-01  0.5463678992E-01
  0.4447416169E-01 -0.4084682769E+01  0.2924536117E+00
  0.5463678992E-01  0.2924536117E+00 -0.3926982687E+01
 Eigenvalues of Hessian: -0.4309230663E+01 -0.4300232698E+01 -0.3694640743E+01
 Eigenvectors(columns) of Hessian:
  0.2344086932E+00 -0.9650730605E+00  0.1169895401E+00
 -0.7879631215E+00 -0.1181367837E+00  0.6042828969E+00
  0.5693563767E+00  0.2338326074E+00  0.7881342703E+00
 Determinant of Hessian: -0.6846425926E+02
 Ellipticity of electron density:    0.002092
 eta index:   -1.166346
 
 ----------------   CP     5,     Type (3,-3)   ----------------
 Corresponding nucleus:    17(H )
 Position (Bohr):        0.819699962095   -2.003437529430   -1.808060197045
 Position (Angstrom):    0.433766539719   -1.060173484042   -0.956784252217
 Density of all electrons:  0.3867077320E+00
 Density of Alpha electrons:  0.1933164571E+00
 Density of Beta electrons:  0.1933912749E+00
 Spin density of electrons: -0.7481774767E-04
 Lagrangian kinetic energy G(r):  0.7263116381E-02
 G(r) in X,Y,Z:  0.2543198146E-02  0.1867163276E-02  0.2852754959E-02
 Hamiltonian kinetic energy K(r):  0.3124617570E+01
 Potential energy density V(r): -0.3131880686E+01
 Energy density E(r) or H(r): -0.3124617570E+01
 Laplacian of electron density: -0.1246941781E+02
 Electron localization function (ELF):  0.9998477252E+00
 Localized orbital locator (LOL):  0.9878260886E+00
 Local information entropy:  0.2453427326E-01
 Reduced density gradient (RDG):  0.1000000000E+03
 Reduced density gradient with promolecular approximation:  0.1000000000E+03
 Sign(lambda2)*rho: -0.3867077320E+00
 Sign(lambda2)*rho with promolecular approximation: -0.2837187050E+00
 Corr. hole for alpha, ref.:   0.00000   0.00000   0.00000 : -0.3083211238E-01
 Source function, ref.:   0.00000   0.00000   0.00000 :  0.3518220062E+00
 Wavefunction value for orbital         1 :  0.9108040101E-04
 Average local ionization energy (ALIE):  0.5942592270E+00
 Delta-g (under promolecular approximation):  0.1131732520E+00
 Delta-g (under Hirshfeld partition):  0.2267092481E+00
 User-defined real space function:  0.1000000000E+01
 ESP from nuclear charges:  0.3383525764E+02
 ESP from electrons: -0.1716222289E+02
 Total ESP:  0.1667303475E+02 a.u. ( 0.4536963E+03 eV, 0.1046250E+05 kcal/mol)
 
 Note: Below information are for electron density
 
 Components of gradient in x/y/z are:
 -0.1671839750E-15 -0.5001966723E-15  0.9520650327E-16
 Norm of gradient is:  0.5359211423E-15
 
 Components of Laplacian in x/y/z are:
 -0.3888093290E+01 -0.4336047819E+01 -0.4245276704E+01
 Total: -0.1246941781E+02
 
 Hessian matrix:
 -0.3888093290E+01 -0.1062703129E+00  0.2215471802E+00
 -0.1062703129E+00 -0.4336047819E+01 -0.4911360810E-01
  0.2215471802E+00 -0.4911360810E-01 -0.4245276704E+01
 Eigenvalues of Hessian: -0.4360033206E+01 -0.4350988492E+01 -0.3758396115E+01
 Eigenvectors(columns) of Hessian:
 -0.2500846662E+00 -0.3941663865E+00 -0.8843588183E+00
 -0.9657265776E+00  0.1671081105E+00  0.1986128312E+00
  0.6949702911E-01  0.9037188386E+00 -0.4224481314E+00
 Determinant of Hessian: -0.7129848176E+02
 Ellipticity of electron density:    0.002079
 eta index:   -1.160078
 
 ----------------   CP     6,     Type (3,-3)   ----------------
 Corresponding nucleus:     4(C )
 Position (Bohr):       -0.986433415112   -1.647640970901   -2.655260753864
 Position (Angstrom):   -0.521998083350   -0.871894053551   -1.405103479950
 Density of all electrons:  0.1122769665E+03
 Density of Alpha electrons:  0.5613869323E+02
 Density of Beta electrons:  0.5613827332E+02
 Spin density of electrons:  0.4199073209E-03
 Lagrangian kinetic energy G(r):  0.5610596816E+01
 G(r) in X,Y,Z:  0.2135166001E+01  0.1400961309E+01  0.2074469506E+01
 Hamiltonian kinetic energy K(r):  0.6466063405E+05
 Potential energy density V(r): -0.6466624465E+05
 Energy density E(r) or H(r): -0.6466063405E+05
 Laplacian of electron density: -0.2586200938E+06
 Electron localization function (ELF):  0.9999994408E+00
 Localized orbital locator (LOL):  0.9992527521E+00
 Local information entropy: -0.3676310840E+00
 Reduced density gradient (RDG):  0.1000000000E+03
 Reduced density gradient with promolecular approximation:  0.1000000000E+03
 Sign(lambda2)*rho: -0.1122769665E+03
 Sign(lambda2)*rho with promolecular approximation: -0.1213747040E+03
 Corr. hole for alpha, ref.:   0.00000   0.00000   0.00000 : -0.9646366960E-01
 Source function, ref.:   0.00000   0.00000   0.00000 :  0.6280396087E+04
 Wavefunction value for orbital         1 : -0.3746498546E-03
 Average local ionization energy (ALIE):  0.9919520582E+01
 Delta-g (under promolecular approximation):  0.3977207139E-01
 Delta-g (under Hirshfeld partition):  0.4780546667E-01
 User-defined real space function:  0.1000000000E+01
 ESP from nuclear charges:  0.4438324144E+06
 ESP from electrons: -0.3076027032E+02
 Total ESP:  0.4438016541E+06 a.u. ( 0.1207646E+08 eV, 0.2784900E+09 kcal/mol)
 
 Note: Below information are for electron density
 
 Components of gradient in x/y/z are:
 -0.8218217773E-12 -0.4999954444E-11 -0.1845436651E-10
 Norm of gradient is:  0.1913736081E-10
 
 Components of Laplacian in x/y/z are:
 -0.8620568947E+05 -0.8620849926E+05 -0.8620590509E+05
 Total: -0.2586200938E+06
 
 Hessian matrix:
 -0.8620568947E+05  0.1701434509E+00 -0.2081953165E+00
  0.1701434509E+00 -0.8620849926E+05  0.8428291936E+00
 -0.2081953165E+00  0.8428291936E+00 -0.8620590509E+05
 Eigenvalues of Hessian: -0.8620876514E+05 -0.8620581548E+05 -0.8620551319E+05
 Eigenvectors(columns) of Hessian:
 -0.7225640080E-01  0.7259350931E+00  0.6839570550E+00
  0.9552711456E+00  0.2475368545E+00 -0.1618102101E+00
 -0.2867682880E+00  0.6416726161E+00 -0.7113509702E+00
 Determinant of Hessian: -0.6406532453E+15
 Ellipticity of electron density:    0.000034
 eta index:   -1.000038
 
 ----------------   CP     7,     Type (3,-3)   ----------------
 Corresponding nucleus:     2(O )
 Position (Bohr):       -3.018457121172   -0.060475550954    1.099616875135
 Position (Angstrom):   -1.597298720612   -0.032002283382    0.581892191046
 Density of all electrons:  0.2785926203E+03
 Density of Alpha electrons:  0.1393135614E+03
 Density of Beta electrons:  0.1392790589E+03
 Spin density of electrons:  0.3450243215E-01
 Lagrangian kinetic energy G(r):  0.5074036335E+02
 G(r) in X,Y,Z:  0.1885274154E+02  0.1524350593E+02  0.1664411588E+02
 Hamiltonian kinetic energy K(r):  0.2904030272E+06
 Potential energy density V(r): -0.2904537676E+06
 Energy density E(r) or H(r): -0.2904030272E+06
 Laplacian of electron density: -0.1161409147E+07
 Electron localization function (ELF):  0.9999977886E+00
 Localized orbital locator (LOL):  0.9985151237E+00
 Local information entropy: -0.3890789517E+01
 Reduced density gradient (RDG):  0.1000000000E+03
 Reduced density gradient with promolecular approximation:  0.1000000000E+03
 Sign(lambda2)*rho: -0.2785926203E+03
 Sign(lambda2)*rho with promolecular approximation: -0.2923251204E+03
 Corr. hole for alpha, ref.:   0.00000   0.00000   0.00000 : -0.1675834130E+00
 Source function, ref.:   0.00000   0.00000   0.00000 :  0.2876428126E+05
 Wavefunction value for orbital         1 : -0.1090382386E-02
 Average local ionization energy (ALIE):  0.1805730005E+02
 Delta-g (under promolecular approximation):  0.3437639732E-01
 Delta-g (under Hirshfeld partition):  0.5298217529E-01
 User-defined real space function:  0.1000000000E+01
 ESP from nuclear charges:  0.5137598771E+06
 ESP from electrons: -0.3691499112E+02
 Total ESP:  0.5137229621E+06 a.u. ( 0.1397911E+08 eV, 0.3223663E+09 kcal/mol)
 
 Note: Below information are for electron density
 
 Components of gradient in x/y/z are:
  0.3017719408E-10  0.5844214002E-12 -0.7351952380E-11
 Norm of gradient is:  0.3106534717E-10
 
 Components of Laplacian in x/y/z are:
 -0.3871283718E+06 -0.3871435984E+06 -0.3871371772E+06
 Total: -0.1161409147E+07
 
 Hessian matrix:
 -0.3871283718E+06 -0.7230705074E+00 -0.1640506759E+01
 -0.7230705074E+00 -0.3871435984E+06 -0.8423851904E+01
 -0.1640506759E+01 -0.8423851904E+01 -0.3871371772E+06
 Eigenvalues of Hessian: -0.3871495132E+06 -0.3871316336E+06 -0.3871280006E+06
 Eigenvectors(columns) of Hessian:
  0.7216850239E-01 -0.2670809646E+00  0.9609679837E+00
  0.8191750061E+00  0.5655112510E+00  0.9565215344E-01
  0.5689850760E+00 -0.7802978812E+00 -0.2595981509E+00
 Determinant of Hessian: -0.5802190214E+17
 Ellipticity of electron density:    0.000046
 eta index:   -1.000056
 
 ----------------   CP     8,     Type (3,-3)   ----------------
 Corresponding nucleus:     5(O )
 Position (Bohr):       -1.055966020933    0.949203384513   -3.431365231668
 Position (Angstrom):   -0.558793153766    0.502296799596   -1.815800282883
 Density of all electrons:  0.2782835178E+03
 Density of Alpha electrons:  0.1391442860E+03
 Density of Beta electrons:  0.1391392318E+03
 Spin density of electrons:  0.5054120392E-02
 Lagrangian kinetic energy G(r):  0.5188044225E+02
 G(r) in X,Y,Z:  0.1727996398E+02  0.1555770399E+02  0.1904277429E+02
 Hamiltonian kinetic energy K(r):  0.2900344344E+06
 Potential energy density V(r): -0.2900863149E+06
 Energy density E(r) or H(r): -0.2900344344E+06
 Laplacian of electron density: -0.1159930216E+07
 Electron localization function (ELF):  0.9999976795E+00
 Localized orbital locator (LOL):  0.9984790035E+00
 Local information entropy: -0.3882838149E+01
 Reduced density gradient (RDG):  0.1000000000E+03
 Reduced density gradient with promolecular approximation:  0.1000000000E+03
 Sign(lambda2)*rho: -0.2782835178E+03
 Sign(lambda2)*rho with promolecular approximation: -0.2923377399E+03
 Corr. hole for alpha, ref.:   0.00000   0.00000   0.00000 : -0.1096163020E-02
 Source function, ref.:   0.00000   0.00000   0.00000 :  0.2485620643E+05
 Wavefunction value for orbital         1 : -0.8528540088E-03
 Average local ionization energy (ALIE):  0.1819726117E+02
 Delta-g (under promolecular approximation):  0.4452374389E-01
 Delta-g (under Hirshfeld partition):  0.6780701982E-01
 User-defined real space function:  0.1000000000E+01
 ESP from nuclear charges:  0.5596353163E+06
 ESP from electrons: -0.3965477206E+02
 Total ESP:  0.5595956616E+06 a.u. ( 0.1522737E+08 eV, 0.3511519E+09 kcal/mol)
 
 Note: Below information are for electron density
 
 Components of gradient in x/y/z are:
 -0.3693922425E-10  0.1728180099E-11 -0.1206225663E-10
 Norm of gradient is:  0.3889718408E-10
 
 Components of Laplacian in x/y/z are:
 -0.3866431478E+06 -0.3866507334E+06 -0.3866363347E+06
 Total: -0.1159930216E+07
 
 Hessian matrix:
 -0.3866431478E+06 -0.3853347511E+01  0.9695126581E+01
 -0.3853347511E+01 -0.3866507334E+06  0.6817092191E+01
  0.9695126581E+01  0.6817092191E+01 -0.3866363347E+06
 Eigenvalues of Hessian: -0.3866576795E+06 -0.3866436426E+06 -0.3866288938E+06
 Eigenvectors(columns) of Hessian:
  0.5019136128E+00  0.6890388748E+00  0.5227888238E+00
  0.7314506955E+00 -0.6607237056E+00  0.1685943798E+00
 -0.4615870507E+00 -0.2977744345E+00  0.8356241864E+00
 Determinant of Hessian: -0.5780053002E+17
 Ellipticity of electron density:    0.000036
 eta index:   -1.000074
 
 ----------------   CP     9,     Type (3,-3)   ----------------
 Corresponding nucleus:    19(H )
 Position (Bohr):        2.769711569459    1.360972464411   -3.724597936406
 Position (Angstrom):    1.465668243332    0.720195612833   -1.970972347722
 Density of all electrons:  0.3851685933E+00
 Density of Alpha electrons:  0.1926035158E+00
 Density of Beta electrons:  0.1925650775E+00
 Spin density of electrons:  0.3843834833E-04
 Lagrangian kinetic energy G(r):  0.7141495997E-02
 G(r) in X,Y,Z:  0.2014991379E-02  0.2652290804E-02  0.2474213815E-02
 Hamiltonian kinetic energy K(r):  0.3105067635E+01
 Potential energy density V(r): -0.3112209131E+01
 Energy density E(r) or H(r): -0.3105067635E+01
 Laplacian of electron density: -0.1239170455E+02
 Electron localization function (ELF):  0.9998508046E+00
 Localized orbital locator (LOL):  0.9879486180E+00
 Local information entropy:  0.2445469562E-01
 Reduced density gradient (RDG):  0.1000000000E+03
 Reduced density gradient with promolecular approximation:  0.1000000000E+03
 Sign(lambda2)*rho: -0.3851685933E+00
 Sign(lambda2)*rho with promolecular approximation: -0.2834020568E+00
 Corr. hole for alpha, ref.:   0.00000   0.00000   0.00000 : -0.3121566539E-04
 Source function, ref.:   0.00000   0.00000   0.00000 :  0.2038678429E+00
 Wavefunction value for orbital         1 :  0.1238567278E-04
 Average local ionization energy (ALIE):  0.6260037312E+00
 Delta-g (under promolecular approximation):  0.1139522055E+00
 Delta-g (under Hirshfeld partition):  0.2286556100E+00
 User-defined real space function:  0.1000000000E+01
 ESP from nuclear charges:  0.3382211639E+02
 ESP from electrons: -0.1743320720E+02
 Total ESP:  0.1638890919E+02 a.u. ( 0.4459649E+03 eV, 0.1028420E+05 kcal/mol)
 
 Note: Below information are for electron density
 
 Components of gradient in x/y/z are:
  0.3131938204E-15  0.1630961940E-15 -0.8415077513E-15
 Norm of gradient is:  0.9125930271E-15
 
 Components of Laplacian in x/y/z are:
 -0.3911162371E+01 -0.4285298676E+01 -0.4195243507E+01
 Total: -0.1239170455E+02
 
 Hessian matrix:
 -0.3911162371E+01 -0.1401840797E+00  0.2437750866E+00
 -0.1401840797E+00 -0.4285298676E+01 -0.7595390872E-01
  0.2437750866E+00 -0.7595390872E-01 -0.4195243507E+01
 Eigenvalues of Hessian: -0.4337510493E+01 -0.4328526447E+01 -0.3725667614E+01
 Eigenvectors(columns) of Hessian:
  0.5493764968E+00  0.3714247917E-01  0.8347490048E+00
  0.4728403762E+00 -0.8374876097E+00 -0.2739278778E+00
 -0.6889175882E+00 -0.5451925714E+00  0.4776584730E+00
 Determinant of Hessian: -0.6994951706E+02
 Ellipticity of electron density:    0.002076
 eta index:   -1.164224
 
 ----------------   CP    10,     Type (3,-3)   ----------------
 Corresponding nucleus:    10(Mg)
 Position (Bohr):       -2.009534429420    3.065514634584   -0.312749651110
 Position (Angstrom):   -1.063399824574    1.622200484311   -0.165499988085
 Density of all electrons:  0.9861006249E+03
 Density of Alpha electrons:  0.4930529536E+03
 Density of Beta electrons:  0.4930476712E+03
 Spin density of electrons:  0.5282420218E-02
 Lagrangian kinetic energy G(r):  0.1221766863E+04
 G(r) in X,Y,Z:  0.4063168238E+03  0.4090503593E+03  0.4063996801E+03
 Hamiltonian kinetic energy K(r):  0.2285720240E+07
 Potential energy density V(r): -0.2286942006E+07
 Energy density E(r) or H(r): -0.2285720240E+07
 Laplacian of electron density: -0.9137993891E+07
 Electron localization function (ELF):  0.9999810288E+00
 Localized orbital locator (LOL):  0.9956632587E+00
 Local information entropy: -0.2843574457E+02
 Reduced density gradient (RDG):  0.1000000000E+03
 Reduced density gradient with promolecular approximation:  0.1000000000E+03
 Sign(lambda2)*rho: -0.9861006249E+03
 Sign(lambda2)*rho with promolecular approximation: -0.1053482235E+04
 Corr. hole for alpha, ref.:   0.00000   0.00000   0.00000 : -0.3262436174E-01
 Source function, ref.:   0.00000   0.00000   0.00000 :  0.1976683806E+06
 Wavefunction value for orbital         1 : -0.2148839789E+02
 Average local ionization energy (ALIE):  0.4422319075E+02
 Delta-g (under promolecular approximation):  0.1964251300E-02
 Delta-g (under Hirshfeld partition):  0.7799841438E-02
 User-defined real space function:  0.1000000000E+01
 ESP from nuclear charges:  0.1240945101E+08
 ESP from electrons: -0.5498435102E+02
 Total ESP:  0.1240939602E+08 a.u. ( 0.3376768E+09 eV, 0.7787020E+10 kcal/mol)
 
 Note: Below information are for electron density
 
 Components of gradient in x/y/z are:
 -0.3260958170E-09 -0.7061991616E-10  0.6160254544E-10
 Norm of gradient is:  0.3392941615E-09
 
 Components of Laplacian in x/y/z are:
 -0.3046001742E+07 -0.3045990736E+07 -0.3046001412E+07
 Total: -0.9137993891E+07
 
 Hessian matrix:
 -0.3046001742E+07  0.4064419024E+01 -0.6524040530E+01
  0.4064419024E+01 -0.3045990736E+07 -0.6893372456E+01
 -0.6524040530E+01 -0.6893372456E+01 -0.3046001412E+07
 Eigenvalues of Hessian: -0.3046008379E+07 -0.3046000783E+07 -0.3045984728E+07
 Eigenvectors(columns) of Hessian:
  0.6478521437E+00  0.6644231213E+00  0.3725983303E+00
  0.1430877815E+00 -0.5865582230E+00  0.7971670702E+00
  0.7482068475E+00 -0.4631321269E+00 -0.4750738326E+00
 Determinant of Hessian: -0.2826108465E+20
 Ellipticity of electron density:    0.000002
 eta index:   -1.000008
 
 ----------------   CP    11,     Type (3,-3)   ----------------
 Corresponding nucleus:    18(H )
 Position (Bohr):        1.181219832838    1.199361167342   -6.606124524714
 Position (Angstrom):    0.625074616604    0.634674597399   -3.495810550866
 Density of all electrons:  0.3823454541E+00
 Density of Alpha electrons:  0.1911724750E+00
 Density of Beta electrons:  0.1911729791E+00
 Spin density of electrons: -0.5040552684E-06
 Lagrangian kinetic energy G(r):  0.6696832723E-02
 G(r) in X,Y,Z:  0.2210127198E-02  0.2495401276E-02  0.1991304248E-02
 Hamiltonian kinetic energy K(r):  0.3069083254E+01
 Potential energy density V(r): -0.3075780087E+01
 Energy density E(r) or H(r): -0.3069083254E+01
 Laplacian of electron density: -0.1224954568E+02
 Electron localization function (ELF):  0.9998655215E+00
 Localized orbital locator (LOL):  0.9885525852E+00
 Local information entropy:  0.2430854339E-01
 Reduced density gradient (RDG):  0.1000000000E+03
 Reduced density gradient with promolecular approximation:  0.1000000000E+03
 Sign(lambda2)*rho: -0.3823454541E+00
 Sign(lambda2)*rho with promolecular approximation: -0.2828039547E+00
 Corr. hole for alpha, ref.:   0.00000   0.00000   0.00000 : -0.2535083358E-03
 Source function, ref.:   0.00000   0.00000   0.00000 :  0.1429888434E+00
 Wavefunction value for orbital         1 : -0.4891677167E-04
 Average local ionization energy (ALIE):  0.6273613346E+00
 Delta-g (under promolecular approximation):  0.1149555541E+00
 Delta-g (under Hirshfeld partition):  0.2307270841E+00
 User-defined real space function:  0.1000000000E+01
 ESP from nuclear charges:  0.3235818454E+02
 ESP from electrons: -0.1639361989E+02
 Total ESP:  0.1596456465E+02 a.u. ( 0.4344179E+03 eV, 0.1001792E+05 kcal/mol)
 
 Note: Below information are for electron density
 
 Components of gradient in x/y/z are:
 -0.3522276397E-15  0.4909915417E-15 -0.6443074698E-15
 Norm of gradient is:  0.8833284326E-15
 
 Components of Laplacian in x/y/z are:
 -0.4290597199E+01 -0.4209030193E+01 -0.3749918293E+01
 Total: -0.1224954568E+02
 
 Hessian matrix:
 -0.4290597199E+01 -0.1418754909E-01 -0.2836406570E-01
 -0.1418754909E-01 -0.4209030193E+01  0.2046638829E+00
 -0.2836406570E-01  0.2046638829E+00 -0.3749918293E+01
 Eigenvalues of Hessian: -0.4293692811E+01 -0.4285528034E+01 -0.3670324839E+01
 Eigenvectors(columns) of Hessian:
 -0.9029906984E+00 -0.4266450512E+00 -0.5081140441E-01
 -0.4155271066E+00  0.8370782814E+00  0.3558611730E+00
  0.1092932853E+00 -0.3424528450E+00  0.9331564857E+00
 Determinant of Hessian: -0.6753669643E+02
 Ellipticity of electron density:    0.001905
 eta index:   -1.169840
 
 ----------------   CP    12,     Type (3,-3)   ----------------
 Corresponding nucleus:     6(C )
 Position (Bohr):        1.094143839899    1.906919451956   -4.718830692873
 Position (Angstrom):    0.578995985525    1.009098317003   -2.497097664778
 Density of all electrons:  0.1121960951E+03
 Density of Alpha electrons:  0.5609804190E+02
 Density of Beta electrons:  0.5609805320E+02
 Spin density of electrons: -0.1129544803E-04
 Lagrangian kinetic energy G(r):  0.5659660614E+01
 G(r) in X,Y,Z:  0.1696047837E+01  0.1951419078E+01  0.2012193699E+01
 Hamiltonian kinetic energy K(r):  0.6460647035E+05
 Potential energy density V(r): -0.6461213001E+05
 Energy density E(r) or H(r): -0.6460647035E+05
 Laplacian of electron density: -0.2584032427E+06
 Electron localization function (ELF):  0.9999994296E+00
 Localized orbital locator (LOL):  0.9992453174E+00
 Local information entropy: -0.3664151987E+00
 Reduced density gradient (RDG):  0.1000000000E+03
 Reduced density gradient with promolecular approximation:  0.1000000000E+03
 Sign(lambda2)*rho: -0.1121960951E+03
 Sign(lambda2)*rho with promolecular approximation: -0.1213809701E+03
 Corr. hole for alpha, ref.:   0.00000   0.00000   0.00000 : -0.1875828088E-02
 Source function, ref.:   0.00000   0.00000   0.00000 :  0.3949995437E+04
 Wavefunction value for orbital         1 : -0.2618299494E-03
 Average local ionization energy (ALIE):  0.9963505120E+01
 Delta-g (under promolecular approximation):  0.4132210420E-01
 Delta-g (under Hirshfeld partition):  0.4948860238E-01
 User-defined real space function:  0.1000000000E+01
 ESP from nuclear charges:  0.6415853236E+06
 ESP from electrons: -0.3113450499E+02
 Total ESP:  0.6415541891E+06 a.u. ( 0.1745758E+08 eV, 0.4025817E+09 kcal/mol)
 
 Note: Below information are for electron density
 
 Components of gradient in x/y/z are:
  0.5686932479E-11  0.9075186999E-11  0.3438748201E-10
 Norm of gradient is:  0.3601665086E-10
 
 Components of Laplacian in x/y/z are:
 -0.8613513585E+05 -0.8613418896E+05 -0.8613391794E+05
 Total: -0.2584032427E+06
 
 Hessian matrix:
 -0.8613513585E+05 -0.7142236059E+00  0.9277600606E+00
 -0.7142236059E+00 -0.8613418896E+05  0.4641952456E+00
  0.9277600606E+00  0.4641952456E+00 -0.8613391794E+05
 Eigenvalues of Hessian: -0.8613602882E+05 -0.8613380723E+05 -0.8613340670E+05
 Eigenvectors(columns) of Hessian:
  0.7935452043E+00  0.4412100691E+00 -0.4190700224E+00
  0.4193092607E+00 -0.8955543608E+00 -0.1488695091E+00
 -0.4409827124E+00 -0.5758525623E-01 -0.8956663361E+00
 Determinant of Hessian: -0.6390430470E+15
 Ellipticity of electron density:    0.000026
 eta index:   -1.000030
 
 ----------------   CP    13,     Type (3,-3)   ----------------
 Corresponding nucleus:    13(H )
 Position (Bohr):       -7.067940549223    4.366705168164   -0.656754547655
 Position (Angstrom):   -3.740193066666    2.310760861725   -0.347539539776
 Density of all electrons:  0.3633203644E+00
 Density of Alpha electrons:  0.1770066796E+00
 Density of Beta electrons:  0.1863136848E+00
 Spin density of electrons: -0.9307005169E-02
 Lagrangian kinetic energy G(r):  0.7838693702E-02
 G(r) in X,Y,Z:  0.2899078222E-02  0.2231701629E-02  0.2707913851E-02
 Hamiltonian kinetic energy K(r):  0.2852415009E+01
 Potential energy density V(r): -0.2860253703E+01
 Energy density E(r) or H(r): -0.2852415009E+01
 Laplacian of electron density: -0.1137830526E+02
 Electron localization function (ELF):  0.9997841182E+00
 Localized orbital locator (LOL):  0.9854619190E+00
 Local information entropy:  0.2331713820E-01
 Reduced density gradient (RDG):  0.1000000000E+03
 Reduced density gradient with promolecular approximation:  0.1000000000E+03
 Sign(lambda2)*rho: -0.3633203644E+00
 Sign(lambda2)*rho with promolecular approximation: -0.2812913373E+00
 Corr. hole for alpha, ref.:   0.00000   0.00000   0.00000 : -0.7603222504E-06
 Source function, ref.:   0.00000   0.00000   0.00000 :  0.1086463794E+00
 Wavefunction value for orbital         1 :  0.5574725907E-04
 Average local ionization energy (ALIE):  0.6396461916E+00
 Delta-g (under promolecular approximation):  0.1176223623E+00
 Delta-g (under Hirshfeld partition):  0.2297123513E+00
 User-defined real space function:  0.1000000000E+01
 ESP from nuclear charges:  0.2972300632E+02
 ESP from electrons: -0.1487000296E+02
 Total ESP:  0.1485300336E+02 a.u. ( 0.4041708E+03 eV, 0.9320408E+04 kcal/mol)
 
 Note: Below information are for electron density
 
 Components of gradient in x/y/z are:
 -0.1758575924E-15 -0.9421716879E-15 -0.1753697014E-15
 Norm of gradient is:  0.9743551275E-15
 
 Components of Laplacian in x/y/z are:
 -0.3728487695E+01 -0.3682168292E+01 -0.3967649275E+01
 Total: -0.1137830526E+02
 
 Hessian matrix:
 -0.3728487695E+01  0.2890098731E+00 -0.9707395012E-01
  0.2890098731E+00 -0.3682168292E+01 -0.1074036013E+00
 -0.9707395012E-01 -0.1074036013E+00 -0.3967649275E+01
 Eigenvalues of Hessian: -0.4003557852E+01 -0.3995002231E+01 -0.3379745178E+01
 Eigenvectors(columns) of Hessian:
  0.3093715483E-01  0.7522324565E+00 -0.6581711204E+00
  0.2916671789E+00 -0.6366213528E+00 -0.7138932062E+00
  0.9560194293E+00  0.1698810893E+00  0.2390967718E+00
 Determinant of Hessian: -0.5405639655E+02
 Ellipticity of electron density:    0.002142
 eta index:   -1.184574
 
 ----------------   CP    14,     Type (3,-3)   ----------------
 Corresponding nucleus:     1(C )
 Position (Bohr):       -5.759883840970    5.801648809786   -1.135536406468
 Position (Angstrom):   -3.047999266090    3.070100335801   -0.600899988454
 Density of all electrons:  0.1123589611E+03
 Density of Alpha electrons:  0.5625415091E+02
 Density of Beta electrons:  0.5610481020E+02
 Spin density of electrons:  0.1493407073E+00
 Lagrangian kinetic energy G(r):  0.5600248951E+01
 G(r) in X,Y,Z:  0.1754330256E+01  0.1879459044E+01  0.1966459652E+01
 Hamiltonian kinetic energy K(r):  0.6471308392E+05
 Potential energy density V(r): -0.6471868417E+05
 Energy density E(r) or H(r): -0.6471308392E+05
 Laplacian of electron density: -0.2588299347E+06
 Electron localization function (ELF):  0.9999994442E+00
 Localized orbital locator (LOL):  0.9992550363E+00
 Local information entropy: -0.3688645547E+00
 Reduced density gradient (RDG):  0.1000000000E+03
 Reduced density gradient with promolecular approximation:  0.1000000000E+03
 Sign(lambda2)*rho: -0.1123589611E+03
 Sign(lambda2)*rho with promolecular approximation: -0.1213877017E+03
 Corr. hole for alpha, ref.:   0.00000   0.00000   0.00000 : -0.4286022347E-03
 Source function, ref.:   0.00000   0.00000   0.00000 :  0.2495467460E+04
 Wavefunction value for orbital         1 : -0.5397683277E-03
 Average local ionization energy (ALIE):  0.9914443154E+01
 Delta-g (under promolecular approximation):  0.2963344591E-01
 Delta-g (under Hirshfeld partition):  0.3679379896E-01
 User-defined real space function:  0.1000000000E+01
 ESP from nuclear charges:  0.3884310417E+07
 ESP from electrons: -0.2719758939E+02
 Total ESP:  0.3884283219E+07 a.u. ( 0.1056967E+09 eV, 0.2437427E+10 kcal/mol)
 
 Note: Below information are for electron density
 
 Components of gradient in x/y/z are:
 -0.1276347431E-10  0.1274969019E-10  0.4875036572E-11
 Norm of gradient is:  0.1868761242E-10
 
 Components of Laplacian in x/y/z are:
 -0.8627699834E+05 -0.8627659788E+05 -0.8627633846E+05
 Total: -0.2588299347E+06
 
 Hessian matrix:
 -0.8627699834E+05  0.6162738087E+00 -0.2252214124E+00
  0.6162738087E+00 -0.8627659788E+05  0.8213805192E-01
 -0.2252214124E+00  0.8213805192E-01 -0.8627633846E+05
 Eigenvalues of Hessian: -0.8627749227E+05 -0.8627631738E+05 -0.8627612503E+05
 Eigenvectors(columns) of Hessian:
 -0.7988861796E+00 -0.6078256088E-01  0.5984031687E+00
  0.5685093584E+00 -0.4011818152E+00  0.7182271650E+00
 -0.1964127831E+00 -0.9139795574E+00 -0.3550540624E+00
 Determinant of Hessian: -0.6422139634E+15
 Ellipticity of electron density:    0.000014
 eta index:   -1.000016
 
 ----------------   CP    15,     Type (3,-3)   ----------------
 Corresponding nucleus:     7(C )
 Position (Bohr):        0.817304466277    4.745106655200   -4.744525728138
 Position (Angstrom):    0.432498897923    2.511002305236   -2.510694891874
 Density of all electrons:  0.1122263016E+03
 Density of Alpha electrons:  0.5611293772E+02
 Density of Beta electrons:  0.5611336384E+02
 Spin density of electrons: -0.4261203875E-03
 Lagrangian kinetic energy G(r):  0.5646081687E+01
 G(r) in X,Y,Z:  0.2113319118E+01  0.2056367542E+01  0.1476395027E+01
 Hamiltonian kinetic energy K(r):  0.6462669679E+05
 Potential energy density V(r): -0.6463234287E+05
 Energy density E(r) or H(r): -0.6462669679E+05
 Laplacian of electron density: -0.2584842028E+06
 Electron localization function (ELF):  0.9999994328E+00
 Localized orbital locator (LOL):  0.9992474641E+00
 Local information entropy: -0.3668692663E+00
 Reduced density gradient (RDG):  0.1000000000E+03
 Reduced density gradient with promolecular approximation:  0.1000000000E+03
 Sign(lambda2)*rho: -0.1122263016E+03
 Sign(lambda2)*rho with promolecular approximation: -0.1213788307E+03
 Corr. hole for alpha, ref.:   0.00000   0.00000   0.00000 : -0.2099099692E-04
 Source function, ref.:   0.00000   0.00000   0.00000 :  0.3042929909E+04
 Wavefunction value for orbital         1 : -0.2842948240E-03
 Average local ionization energy (ALIE):  0.9971243131E+01
 Delta-g (under promolecular approximation):  0.4013181973E-01
 Delta-g (under Hirshfeld partition):  0.4818784600E-01
 User-defined real space function:  0.1000000000E+01
 ESP from nuclear charges:  0.5554749941E+06
 ESP from electrons: -0.3098347832E+02
 Total ESP:  0.5554440106E+06 a.u. ( 0.1511440E+08 eV, 0.3485467E+09 kcal/mol)
 
 Note: Below information are for electron density
 
 Components of gradient in x/y/z are:
  0.1048612586E-11 -0.1690128598E-10 -0.2604798197E-10
 Norm of gradient is:  0.3106847954E-10
 
 Components of Laplacian in x/y/z are:
 -0.8616048947E+05 -0.8616075577E+05 -0.8616295758E+05
 Total: -0.2584842028E+06
 
 Hessian matrix:
 -0.8616048947E+05  0.2470198684E+00  0.5079470288E+00
  0.2470198684E+00 -0.8616075577E+05 -0.7823356114E+00
  0.5079470288E+00 -0.7823356114E+00 -0.8616295758E+05
 Eigenvalues of Hessian: -0.8616331782E+05 -0.8616054415E+05 -0.8616034085E+05
 Eigenvectors(columns) of Hessian:
 -0.1940428797E+00 -0.4238982538E+00  0.8846793946E+00
  0.3035576286E+00  0.8316123452E+00  0.4650523341E+00
  0.9328451785E+00 -0.3587912732E+00  0.3269090553E-01
 Determinant of Hessian: -0.6396438890E+15
 Ellipticity of electron density:    0.000032
 eta index:   -1.000035
 
 ----------------   CP    16,     Type (3,-3)   ----------------
 Corresponding nucleus:     8(O )
 Position (Bohr):        0.280246896131    5.554669027038   -2.214012943733
 Position (Angstrom):    0.148300270859    2.939404263217   -1.171605194468
 Density of all electrons:  0.2782233942E+03
 Density of Alpha electrons:  0.1391238569E+03
